148 20 16 192 25000000000 25000000000
128 129 130 131 132 133 134 135 136 137 138 139 140 141 142 143 144 145 146 147 
0 128 25000000000 2us 0
1 128 25000000000 2us 0
2 128 25000000000 2us 0
3 128 25000000000 2us 0
4 128 25000000000 2us 0
5 128 25000000000 2us 0
6 128 25000000000 2us 0
7 128 25000000000 2us 0
8 129 25000000000 2us 0
9 129 25000000000 2us 0
10 129 25000000000 2us 0
11 129 25000000000 2us 0
12 129 25000000000 2us 0
13 129 25000000000 2us 0
14 129 25000000000 2us 0
15 129 25000000000 2us 0
16 130 25000000000 2us 0
17 130 25000000000 2us 0
18 130 25000000000 2us 0
19 130 25000000000 2us 0
20 130 25000000000 2us 0
21 130 25000000000 2us 0
22 130 25000000000 2us 0
23 130 25000000000 2us 0
24 131 25000000000 2us 0
25 131 25000000000 2us 0
26 131 25000000000 2us 0
27 131 25000000000 2us 0
28 131 25000000000 2us 0
29 131 25000000000 2us 0
30 131 25000000000 2us 0
31 131 25000000000 2us 0
32 132 25000000000 2us 0
33 132 25000000000 2us 0
34 132 25000000000 2us 0
35 132 25000000000 2us 0
36 132 25000000000 2us 0
37 132 25000000000 2us 0
38 132 25000000000 2us 0
39 132 25000000000 2us 0
40 133 25000000000 2us 0
41 133 25000000000 2us 0
42 133 25000000000 2us 0
43 133 25000000000 2us 0
44 133 25000000000 2us 0
45 133 25000000000 2us 0
46 133 25000000000 2us 0
47 133 25000000000 2us 0
48 134 25000000000 2us 0
49 134 25000000000 2us 0
50 134 25000000000 2us 0
51 134 25000000000 2us 0
52 134 25000000000 2us 0
53 134 25000000000 2us 0
54 134 25000000000 2us 0
55 134 25000000000 2us 0
56 135 25000000000 2us 0
57 135 25000000000 2us 0
58 135 25000000000 2us 0
59 135 25000000000 2us 0
60 135 25000000000 2us 0
61 135 25000000000 2us 0
62 135 25000000000 2us 0
63 135 25000000000 2us 0
64 136 25000000000 2us 0
65 136 25000000000 2us 0
66 136 25000000000 2us 0
67 136 25000000000 2us 0
68 136 25000000000 2us 0
69 136 25000000000 2us 0
70 136 25000000000 2us 0
71 136 25000000000 2us 0
72 137 25000000000 2us 0
73 137 25000000000 2us 0
74 137 25000000000 2us 0
75 137 25000000000 2us 0
76 137 25000000000 2us 0
77 137 25000000000 2us 0
78 137 25000000000 2us 0
79 137 25000000000 2us 0
80 138 25000000000 2us 0
81 138 25000000000 2us 0
82 138 25000000000 2us 0
83 138 25000000000 2us 0
84 138 25000000000 2us 0
85 138 25000000000 2us 0
86 138 25000000000 2us 0
87 138 25000000000 2us 0
88 139 25000000000 2us 0
89 139 25000000000 2us 0
90 139 25000000000 2us 0
91 139 25000000000 2us 0
92 139 25000000000 2us 0
93 139 25000000000 2us 0
94 139 25000000000 2us 0
95 139 25000000000 2us 0
96 140 25000000000 2us 0
97 140 25000000000 2us 0
98 140 25000000000 2us 0
99 140 25000000000 2us 0
100 140 25000000000 2us 0
101 140 25000000000 2us 0
102 140 25000000000 2us 0
103 140 25000000000 2us 0
104 141 25000000000 2us 0
105 141 25000000000 2us 0
106 141 25000000000 2us 0
107 141 25000000000 2us 0
108 141 25000000000 2us 0
109 141 25000000000 2us 0
110 141 25000000000 2us 0
111 141 25000000000 2us 0
112 142 25000000000 2us 0
113 142 25000000000 2us 0
114 142 25000000000 2us 0
115 142 25000000000 2us 0
116 142 25000000000 2us 0
117 142 25000000000 2us 0
118 142 25000000000 2us 0
119 142 25000000000 2us 0
120 143 25000000000 2us 0
121 143 25000000000 2us 0
122 143 25000000000 2us 0
123 143 25000000000 2us 0
124 143 25000000000 2us 0
125 143 25000000000 2us 0
126 143 25000000000 2us 0
127 143 25000000000 2us 0
128 144 25000000000 2us 0
128 145 25000000000 2us 0
128 146 25000000000 2us 0
128 147 25000000000 2us 0
129 144 25000000000 2us 0
129 145 25000000000 2us 0
129 146 25000000000 2us 0
129 147 25000000000 2us 0
130 144 25000000000 2us 0
130 145 25000000000 2us 0
130 146 25000000000 2us 0
130 147 25000000000 2us 0
131 144 25000000000 2us 0
131 145 25000000000 2us 0
131 146 25000000000 2us 0
131 147 25000000000 2us 0
132 144 25000000000 2us 0
132 145 25000000000 2us 0
132 146 25000000000 2us 0
132 147 25000000000 2us 0
133 144 25000000000 2us 0
133 145 25000000000 2us 0
133 146 25000000000 2us 0
133 147 25000000000 2us 0
134 144 25000000000 2us 0
134 145 25000000000 2us 0
134 146 25000000000 2us 0
134 147 25000000000 2us 0
135 144 25000000000 2us 0
135 145 25000000000 2us 0
135 146 25000000000 2us 0
135 147 25000000000 2us 0
136 144 25000000000 2us 0
136 145 25000000000 2us 0
136 146 25000000000 2us 0
136 147 25000000000 2us 0
137 144 25000000000 2us 0
137 145 25000000000 2us 0
137 146 25000000000 2us 0
137 147 25000000000 2us 0
138 144 25000000000 2us 0
138 145 25000000000 2us 0
138 146 25000000000 2us 0
138 147 25000000000 2us 0
139 144 25000000000 2us 0
139 145 25000000000 2us 0
139 146 25000000000 2us 0
139 147 25000000000 2us 0
140 144 25000000000 2us 0
140 145 25000000000 2us 0
140 146 25000000000 2us 0
140 147 25000000000 2us 0
141 144 25000000000 2us 0
141 145 25000000000 2us 0
141 146 25000000000 2us 0
141 147 25000000000 2us 0
142 144 25000000000 2us 0
142 145 25000000000 2us 0
142 146 25000000000 2us 0
142 147 25000000000 2us 0
143 144 25000000000 2us 0
143 145 25000000000 2us 0
143 146 25000000000 2us 0
143 147 25000000000 2us 0
